50 50
00000000000000000000000000000000000000000000000000
00000000000000000000000000000000000000000000000000
00000000000000000000000000000000000000000000000000
00000000000000000000001000001000000000000000000000
00000000000000000000010100010100000000000000000000
00000000000000000000010010100100000000000000000000
00000000000000000000000100010000000000000000000000
00000000000000000000000110110000000000000000000000
00000000000000000000000000000000000000000000000000
00000000011000000000000000000000000000000000000000
00000000011000000000000000000000000000000000000000
00000000000000000000000000000000000000000000000000
00000001111000000000000000000000000000000000000000
00011010000100000000000000000000000000000000000000
00011010010100000000000000000000000000000000000000
00000010001101100000000000000000000000000000000000
00000010100101100000000000000000000000000000000000
00000001111000000000000000000000000000000000000000
00000000000000000000000000000000000000000000000000
00000001100000000000000000000000000000000000000000
00000001100000000000000000000000000000000000000000
00000000000000000000000000001100000011000000000000
00000000000000000000000000010010000100100000000000
00000000000000000000000000111111001111110000000000
00000000000000000000000000010010000100100000000000
00000000000000000000000000001100000011000000000000
00000000000000000000000000000000000000000000000000
00000000000000000000000000000000000000000000000000
00001110001110000000000000000000000000000000000000
00000000000000000000000000000000000000000000000000
00100001010000100000000000000000000000000000000000
00100001010000100000000000000000000000000000000000
00100001010000100000000000000000000000000000000000
00001110001110000000000000000000000000000000000000
00000000000000000000000000011110000000000000000000
00001110001110000000000000100001011000000000000000
00100001010000100000000000100001000100000000000000
00100001010000100000000000000110000100000000000000
00100001010000100000000000110000100100000000000000
00000000000000000000000001001000100100000000000000
00001110001110000000000001001000011000000000000000
00000000000000000000000001000011000000000000000000
00000000000000000000000001000100001000000000000000
00000000000000000000000000110100001000000000000000
00000000000000000000000000000011110000000000000000
00000000000000000000000000000000000000000000000000
00000000000000000000000000000000000000000000000000
00000000000000000000000000000000000000000000000000
00000000000000000000000000000000000000000000000000
00000000000000000000000000000000000000000000000000
